   5.0000000e-01   1.9831145e+00
   6.2500000e-01   1.5916464e+00
   7.5000000e-01   1.3005286e+00
   8.7500000e-01   1.0877817e+00
   1.0000000e+00   9.3161181e-01
   1.1250000e+00   8.0976284e-01
   1.2500000e+00   7.0656898e-01
   1.3750000e+00   6.1822146e-01
   1.5000000e+00   5.4313048e-01
   1.6250000e+00   4.7907692e-01
   1.7500000e+00   4.2359844e-01
   1.8750000e+00   3.7503818e-01
   2.0000000e+00   3.3246257e-01
   2.1250000e+00   2.9513635e-01
   2.2500000e+00   2.6235146e-01
   2.3750000e+00   2.3345408e-01
   2.5000000e+00   2.0792942e-01
   2.6250000e+00   1.8535563e-01
   2.7500000e+00   1.6536851e-01
   2.8750000e+00   1.4764802e-01
   3.0000000e+00   1.3191417e-01
   3.1250000e+00   1.1792639e-01
   3.2500000e+00   1.0547937e-01
   3.3750000e+00   9.4390460e-02
   3.5000000e+00   8.4503466e-02
   3.6250000e+00   7.5679203e-02
   3.7500000e+00   6.7796903e-02
   3.8750000e+00   6.0751647e-02
   4.0000000e+00   5.4448633e-02
   4.1250000e+00   4.8807949e-02
   4.2500000e+00   4.3755473e-02
   4.3750000e+00   3.9228775e-02
   4.5000000e+00   3.5170814e-02
   4.6250000e+00   3.1531496e-02
   4.7500000e+00   2.8267188e-02
   4.8750000e+00   2.5337423e-02
   5.0000000e+00   2.2708358e-02
   5.1250000e+00   2.0347769e-02
   5.2500000e+00   1.8228561e-02
   5.3750000e+00   1.6325621e-02
   5.5000000e+00   1.4616694e-02
   5.6250000e+00   1.3082311e-02
   5.7500000e+00   1.1704201e-02
   5.8750000e+00   1.0467007e-02
   6.0000000e+00   9.3560237e-03
   6.1250000e+00   8.3587654e-03
   6.2500000e+00   7.4636472e-03
   6.3750000e+00   6.6603205e-03
   6.5000000e+00   5.9396739e-03
   6.6250000e+00   5.2931807e-03
   6.7500000e+00   4.7135511e-03
   6.8750000e+00   4.1939014e-03
   7.0000000e+00   3.7282637e-03
   7.1250000e+00   3.3111576e-03
   7.2500000e+00   2.9376572e-03
   7.3750000e+00   2.6033916e-03
   7.5000000e+00   2.3043320e-03
   7.6250000e+00   2.0369400e-03
   7.7500000e+00   1.7979633e-03
   7.8750000e+00   1.5845091e-03
   8.0000000e+00   1.3939688e-03
   8.1250000e+00   1.2239846e-03
   8.2500000e+00   1.0724441e-03
   8.3750000e+00   9.3744211e-04
   8.5000000e+00   8.1725654e-04
   8.6250000e+00   7.1035732e-04
   8.7500000e+00   6.1534653e-04
   8.8750000e+00   5.3098871e-04
   9.0000000e+00   4.5616373e-04
   9.1250000e+00   3.8985772e-04
   9.2500000e+00   3.3117580e-04
   9.3750000e+00   2.7928870e-04
   9.5000000e+00   2.3348594e-04
   9.6250000e+00   1.9310230e-04
   9.7500000e+00   1.5755708e-04
   9.8750000e+00   1.2632310e-04
   1.0000000e+01   9.8923812e-05
   1.0125000e+01   7.4950488e-05
   1.0250000e+01   5.4014324e-05
   1.0375000e+01   3.5784944e-05
   1.0500000e+01   1.9949072e-05
   1.0625000e+01   6.2393084e-06
   1.0750000e+01  -5.5847404e-06
   1.0875000e+01  -1.5741963e-05
   1.1000000e+01  -2.4419068e-05
   1.1125000e+01  -3.1794090e-05
   1.1250000e+01  -3.8016429e-05
   1.1375000e+01  -4.3227881e-05
   1.1500000e+01  -4.7548073e-05
   1.1625000e+01  -5.1082511e-05
   1.1750000e+01  -5.3928594e-05
   1.1875000e+01  -5.6172673e-05
   1.2000000e+01  -5.7895927e-05
   1.2125000e+01  -5.9162443e-05
   1.2250000e+01  -6.0029164e-05
   1.2375000e+01  -6.0548429e-05
   1.2500000e+01  -6.0770217e-05
   1.2625000e+01  -6.0739335e-05
   1.2750000e+01  -6.0492207e-05
   1.2875000e+01  -6.0060808e-05
   1.3000000e+01  -5.9471735e-05
   1.3125000e+01  -5.8747572e-05
   1.3250000e+01  -5.7909757e-05
   1.3375000e+01  -5.6979745e-05
   1.3500000e+01  -5.5977100e-05
   1.3625000e+01  -5.4917379e-05
   1.3750000e+01  -5.3812928e-05
   1.3875000e+01  -5.2674118e-05
   1.4000000e+01  -5.1508557e-05
   1.4125000e+01  -5.0323839e-05
   1.4250000e+01  -4.9128956e-05
   1.4375000e+01  -4.7932520e-05
   1.4500000e+01  -4.6739762e-05
   1.4625000e+01  -4.5552338e-05
   1.4750000e+01  -4.4373091e-05
   1.4875000e+01  -4.3207196e-05
   1.5000000e+01  -4.2059554e-05
   1.5125000e+01  -4.0932465e-05
   1.5250000e+01  -3.9826534e-05
   1.5375000e+01  -3.8742490e-05
   1.5500000e+01  -3.7680966e-05
   1.5625000e+01  -3.6642722e-05
   1.5750000e+01  -3.5629039e-05
   1.5875000e+01  -3.4641263e-05
   1.6000000e+01  -3.3679651e-05
   1.6125000e+01  -3.2743546e-05
   1.6250000e+01  -3.1832256e-05
   1.6375000e+01  -3.0944915e-05
   1.6500000e+01  -3.0080906e-05
   1.6625000e+01  -2.9241464e-05
   1.6750000e+01  -2.8428671e-05
   1.6875000e+01  -2.7642509e-05
   1.7000000e+01  -2.6880576e-05
   1.7125000e+01  -2.6140750e-05
   1.7250000e+01  -2.5422788e-05
   1.7375000e+01  -2.4726937e-05
   1.7500000e+01  -2.4052693e-05
   1.7625000e+01  -2.3399049e-05
   1.7750000e+01  -2.2764945e-05
   1.7875000e+01  -2.2149213e-05
   1.8000000e+01  -2.1551171e-05
   1.8125000e+01  -2.0972187e-05
   1.8250000e+01  -2.0414857e-05
   1.8375000e+01  -1.9877872e-05
   1.8500000e+01  -1.9355859e-05
   1.8625000e+01  -1.8844191e-05
   1.8750000e+01  -1.8341469e-05
   1.8875000e+01  -1.7847815e-05
   1.9000000e+01  -1.7363091e-05
   1.9125000e+01  -1.6887219e-05
   1.9250000e+01  -1.6420128e-05
   1.9375000e+01  -1.5961727e-05
   1.9500000e+01  -1.5511938e-05
   1.9625000e+01  -1.5070681e-05
   1.9750000e+01  -1.4637869e-05
   1.9875000e+01  -1.4213426e-05
   2.0000000e+01  -1.3797270e-05
   2.0125000e+01  -1.3389313e-05
   2.0250000e+01  -1.2989480e-05
   2.0375000e+01  -1.2597688e-05
   2.0500000e+01  -1.2213851e-05
   2.0625000e+01  -1.1837894e-05
   2.0750000e+01  -1.1469729e-05
   2.0875000e+01  -1.1109280e-05
   2.1000000e+01  -1.0756461e-05
   2.1125000e+01  -1.0411193e-05
   2.1250000e+01  -1.0073395e-05
   2.1375000e+01  -9.7429817e-06
   2.1500000e+01  -9.4198724e-06
   2.1625000e+01  -9.1039887e-06
   2.1750000e+01  -8.7952444e-06
   2.1875000e+01  -8.4935618e-06
   2.2000000e+01  -8.1988570e-06
   2.2125000e+01  -7.9110481e-06
   2.2250000e+01  -7.6300565e-06
   2.2375000e+01  -7.3557974e-06
   2.2500000e+01  -7.0881883e-06
   2.2625000e+01  -6.8271512e-06
   2.2750000e+01  -6.5726010e-06
   2.2875000e+01  -6.3244581e-06
   2.3000000e+01  -6.0826404e-06
   2.3125000e+01  -5.8470652e-06
   2.3250000e+01  -5.6176532e-06
   2.3375000e+01  -5.3943195e-06
   2.3500000e+01  -5.1769855e-06
   2.3625000e+01  -4.9655688e-06
   2.3750000e+01  -4.7599857e-06
   2.3875000e+01  -4.5601561e-06
   2.4000000e+01  -4.3659989e-06
   2.4125000e+01  -4.1774305e-06
   2.4250000e+01  -3.9943720e-06
   2.4375000e+01  -3.8167389e-06
   2.4500000e+01  -3.6444514e-06
   2.4625000e+01  -3.4774282e-06
   2.4750000e+01  -3.3155856e-06
   2.4875000e+01  -3.1588428e-06
   2.5000000e+01  -3.0071193e-06
   2.5125000e+01  -2.8603313e-06
   2.5250000e+01  -2.7183995e-06
   2.5375000e+01  -2.5812403e-06
   2.5500000e+01  -2.4487729e-06
   2.5625000e+01  -2.3209164e-06
   2.5750000e+01  -2.1975877e-06
   2.5875000e+01  -2.0787051e-06
   2.6000000e+01  -1.9641885e-06
   2.6125000e+01  -1.8539544e-06
   2.6250000e+01  -1.7479227e-06
   2.6375000e+01  -1.6460107e-06
   2.6500000e+01  -1.5481369e-06
   2.6625000e+01  -1.4542203e-06
   2.6750000e+01  -1.3641781e-06
   2.6875000e+01  -1.2779299e-06
   2.7000000e+01  -1.1953936e-06
   2.7125000e+01  -1.1164867e-06
   2.7250000e+01  -1.0411284e-06
   2.7375000e+01  -9.6923688e-07
   2.7500000e+01  -9.0073014e-07
   2.7625000e+01  -8.3552721e-07
   2.7750000e+01  -7.7354552e-07
   2.7875000e+01  -7.1470423e-07
   2.8000000e+01  -6.5892148e-07
   2.8125000e+01  -6.0611507e-07
   2.8250000e+01  -5.5620376e-07
   2.8375000e+01  -5.0910600e-07
   2.8500000e+01  -4.6473967e-07
   2.8625000e+01  -4.2302372e-07
   2.8750000e+01  -3.8387588e-07
   2.8875000e+01  -3.4721494e-07
   2.9000000e+01  -3.1295898e-07
   2.9125000e+01  -2.8102635e-07
   2.9250000e+01  -2.5133565e-07
   2.9375000e+01  -2.2380493e-07
   2.9500000e+01  -1.9835242e-07
   2.9625000e+01  -1.7489682e-07
   2.9750000e+01  -1.5335615e-07
   2.9875000e+01  -1.3364891e-07
   3.0000000e+01  -1.1569342e-07
   3.0125000e+01  -9.9407911e-08
   3.0250000e+01  -8.4710917e-08
   3.0375000e+01  -7.1520620e-08
   3.0500000e+01  -5.9755293e-08
   3.0625000e+01  -4.9333421e-08
   3.0750000e+01  -4.0173254e-08
   3.0875000e+01  -3.2193136e-08
   3.1000000e+01  -2.5311447e-08
   3.1125000e+01  -1.9446441e-08
   3.1250000e+01  -1.4516540e-08
   3.1375000e+01  -1.0440004e-08
   3.1500000e+01  -7.1352083e-09
   3.1625000e+01  -4.5204932e-09
   3.1750000e+01  -2.5141420e-09
   3.1875000e+01  -1.0345603e-09
   3.2000000e+01   1.6742592e-14
   3.2125000e+01   6.6714224e-10
   3.2250000e+01   1.0284553e-09
   3.2375000e+01   1.1415918e-09
   3.2500000e+01   1.0640975e-09
   3.2625000e+01   8.5361986e-10
   3.2750000e+01   5.6766566e-10
   3.2875000e+01   2.6398552e-10
   3.3000000e+01   9.7930880e-14
   3.3125000e+01  -1.7884478e-10
   3.3250000e+01  -2.7553673e-10
   3.3375000e+01  -3.0590173e-10
   3.3500000e+01  -2.8511894e-10
   3.3625000e+01  -2.2873016e-10
   3.3750000e+01  -1.5210674e-10
   3.3875000e+01  -7.0704590e-11
   3.4000000e+01  -1.5280440e-13
   3.4125000e+01   4.7978075e-11
   3.4250000e+01   7.3812519e-11
   3.4375000e+01   8.1970454e-11
   3.4500000e+01   7.6396680e-11
   3.4625000e+01   6.1287130e-11
   3.4750000e+01   4.0761123e-11
   3.4875000e+01   1.8929955e-11
   3.5000000e+01   7.6708139e-14
   3.5125000e+01  -1.2866736e-11
   3.5250000e+01  -1.9776221e-11
   3.5375000e+01  -2.1963871e-11
   3.5500000e+01  -2.0470771e-11
   3.5625000e+01  -1.6421260e-11
   3.5750000e+01  -1.0923233e-11
   3.5875000e+01  -5.0692217e-12
   3.6000000e+01  -2.4352778e-14
   3.6125000e+01   3.4475062e-12
   3.6250000e+01   5.2995596e-12
   3.6375000e+01   5.8848374e-12
   3.6500000e+01   5.4853343e-12
   3.6625000e+01   4.3999515e-12
   3.6750000e+01   2.9270325e-12
   3.6875000e+01   1.3583348e-12
   3.7000000e+01   5.4260425e-15
   3.7125000e+01  -9.2293292e-13
   3.7250000e+01  -1.4203864e-12
   3.7375000e+01  -1.5767575e-12
   3.7500000e+01  -1.4698528e-12
   3.7625000e+01  -1.1789727e-12
   3.7750000e+01  -7.8426374e-13
   3.7875000e+01  -3.6418646e-13
   3.8000000e+01  -7.6745211e-16
   3.8125000e+01   2.4698545e-13
   3.8250000e+01   3.8066441e-13
   3.8375000e+01   4.2244649e-13
   3.8500000e+01   3.9383035e-13
   3.8625000e+01   3.1592458e-13
   3.8750000e+01   2.1012651e-13
   3.8875000e+01   9.7645442e-14
   3.9000000e+01   7.1981178e-18
   3.9125000e+01  -6.6129450e-14
   3.9250000e+01  -1.0197492e-13
   3.9375000e+01  -1.1321308e-13
   3.9500000e+01  -1.0555094e-13
   3.9625000e+01  -8.4687513e-14
   3.9750000e+01  -5.6333319e-14
   3.9875000e+01  -2.6177747e-14
   4.0000000e+01  -1.5497085e-18
   4.0125000e+01   1.7730062e-14
   4.0250000e+01   2.7309378e-14
   4.0375000e+01   3.0310674e-14
   4.0500000e+01   2.8259831e-14
   4.0625000e+01   2.2687669e-14
   4.0750000e+01   1.5094150e-14
   4.0875000e+01   7.0284331e-15
   4.1000000e+01   4.9799906e-17
   4.1125000e+01  -4.7010200e-15
   4.1250000e+01  -7.3140079e-15
   4.1375000e+01  -8.1279277e-15
   4.1500000e+01  -7.5161732e-15
   4.1625000e+01  -6.0559195e-15
   4.1750000e+01  -4.0490792e-15
   4.1875000e+01  -1.8322621e-15
   4.2000000e+01   2.8345601e-17
   4.2125000e+01   1.2700751e-15
   4.2250000e+01   1.9546656e-15
   4.2375000e+01   2.1812242e-15
   4.2500000e+01   2.0283925e-15
   4.2625000e+01   1.6453692e-15
   4.2750000e+01   1.0874214e-15
   4.2875000e+01   4.9800387e-16
   4.3000000e+01  -9.7605503e-18
   4.3125000e+01  -3.2913966e-16
   4.3250000e+01  -4.7585976e-16
   4.3375000e+01  -5.5963970e-16
   4.3500000e+01  -5.5827231e-16
   4.3625000e+01  -4.7631110e-16
   4.3750000e+01  -3.0774665e-16
   4.3875000e+01  -9.3258376e-17
   4.4000000e+01   3.4284025e-17
   4.4125000e+01   6.4537406e-17
   4.4250000e+01   1.1660483e-16
   4.4375000e+01   1.6443961e-16
   4.4500000e+01   1.7216277e-16
   4.4625000e+01   1.3221094e-16
   4.4750000e+01   8.2851566e-17
   4.4875000e+01   3.1687265e-17
   4.5000000e+01  -4.1301617e-18
   4.5125000e+01   5.5333736e-19
   4.5250000e+01   1.2568216e-19
   4.5375000e+01  -1.3376650e-19
   4.5500000e+01   6.3224568e-20
   4.5625000e+01  -2.2580379e-20
   4.5750000e+01   6.6109383e-21
   4.5875000e+01  -1.5342017e-21
   4.6000000e+01   2.0813783e-22
   4.6125000e+01   4.5045109e-23
   4.6250000e+01  -4.9046838e-23
   4.6375000e+01   2.3288884e-23
   4.6500000e+01  -8.3385868e-24
   4.6625000e+01   2.4470161e-24
   4.6750000e+01  -5.6984939e-25
   4.6875000e+01   7.8267498e-26
   4.7000000e+01   1.6131374e-26
   4.7125000e+01  -1.7981941e-26
   4.7250000e+01   8.5780140e-27
   4.7375000e+01  -3.0792431e-27
   4.7500000e+01   9.0571974e-28
   4.7625000e+01  -2.1165254e-28
   4.7750000e+01   2.9418724e-29
   4.7875000e+01   5.7703957e-30
   4.8000000e+01  -6.5923676e-30
   4.8125000e+01   3.1594273e-30
   4.8250000e+01  -1.1370765e-30
   4.8375000e+01   3.3522261e-31
   4.8500000e+01  -7.8606577e-32
   4.8625000e+01   1.1054673e-32
   4.8750000e+01   2.0622387e-33
   4.8875000e+01  -2.4165294e-33
   4.9000000e+01   1.1636532e-33
   4.9125000e+01  -4.1987142e-34
   4.9250000e+01   1.2407031e-34
   4.9375000e+01  -2.9191737e-35
   4.9500000e+01   4.1525986e-36
   4.9625000e+01   7.3607046e-37
   4.9750000e+01  -8.8573475e-37
   4.9875000e+01   4.2856236e-37
   5.0000000e+01  -1.5503829e-37
   5.0125000e+01   4.5917865e-38
   5.0250000e+01  -1.0840458e-38
   5.0375000e+01   1.5592852e-39
   5.0500000e+01   2.6240621e-40
   5.0625000e+01  -3.2463311e-40
   5.0750000e+01   1.5782899e-40
   5.0875000e+01  -5.7245927e-41
   5.1000000e+01   1.6993799e-41
   5.1125000e+01  -4.0253114e-42
   5.1250000e+01   5.8536179e-43
   5.1375000e+01   9.3439806e-44
   5.1500000e+01  -1.1896675e-43
   5.1625000e+01   5.8123714e-44
   5.1750000e+01  -2.1136652e-44
   5.1875000e+01   6.2890164e-45
   5.2000000e+01  -1.4946456e-45
   5.2125000e+01   2.1966630e-46
   5.2250000e+01   3.3221396e-47
   5.2375000e+01  -4.3594803e-47
   5.2500000e+01   2.1403944e-47
   5.2625000e+01  -7.8041226e-48
   5.2750000e+01   2.3273294e-48
   5.2875000e+01  -5.5494531e-49
   5.3000000e+01   8.2414149e-50
   5.3125000e+01   1.1793677e-50
   5.3250000e+01  -1.5972989e-50
   5.3375000e+01   7.8818380e-51
   5.3500000e+01  -2.8813288e-51
   5.3625000e+01   8.6124813e-52
   5.3750000e+01  -2.0602981e-52
   5.3875000e+01   3.0911394e-53
   5.4000000e+01   4.1807203e-54
   5.4125000e+01  -5.8518716e-54
   5.4250000e+01   2.9022556e-54
   5.4375000e+01  -1.0637939e-54
   5.4500000e+01   3.1869726e-55
   5.4625000e+01  -7.6488723e-56
   5.4750000e+01   1.1590162e-56
   5.4875000e+01   1.4791573e-57
   5.5000000e+01  -2.1437730e-57
   5.5125000e+01   1.0686255e-57
   5.5250000e+01  -3.9273949e-58
   5.5375000e+01   1.1792869e-58
   5.5500000e+01  -2.8394809e-59
   5.5625000e+01   4.3448198e-60
   5.5750000e+01   5.2242887e-61
   5.5875000e+01  -7.8524000e-61
   5.6000000e+01   3.9346759e-61
   5.6125000e+01  -1.4499009e-61
   5.6250000e+01   4.3636709e-62
   5.6375000e+01  -1.0540206e-62
   5.6500000e+01   1.6283220e-63
   5.6625000e+01   1.8409882e-64
   5.6750000e+01  -2.8760718e-64
   5.6875000e+01   1.4486565e-64
   5.7000000e+01  -5.3526396e-65
   5.7125000e+01   1.6145976e-65
   5.7250000e+01  -3.9124376e-66
   5.7375000e+01   6.1006549e-67
   5.7500000e+01   6.4725554e-68
   5.7625000e+01  -1.0532569e-67
   5.7750000e+01   5.3334118e-68
   5.7875000e+01  -1.9759697e-68
   5.8000000e+01   5.9740909e-69
   5.8125000e+01  -1.4521539e-69
   5.8250000e+01   2.2852462e-70
   5.8375000e+01   2.2703751e-71
   5.8500000e+01  -3.8567717e-71
   5.8625000e+01   1.9635282e-71
   5.8750000e+01  -7.2942141e-72
   5.8875000e+01   2.2103603e-72
   5.9000000e+01  -5.3897210e-73
   5.9125000e+01   8.5578120e-74
   5.9250000e+01   7.9398302e-75
   5.9375000e+01  -1.4121650e-74
   5.9500000e+01   7.2283926e-75
   5.9625000e+01  -2.6926070e-75
   5.9750000e+01   8.1778254e-76
   5.9875000e+01  -2.0003007e-76
   6.0000000e+01   3.2041878e-77
   6.0125000e+01   2.7686977e-78
   6.0250000e+01  -5.1698970e-78
   6.0375000e+01   2.6609637e-78
   6.0500000e+01  -9.9391214e-79
   6.0625000e+01   3.0255763e-79
   6.0750000e+01  -7.4232564e-80
   6.0875000e+01   1.1994296e-80
   6.1000000e+01   9.6187595e-82
   6.1125000e+01  -1.8924743e-81
   6.1250000e+01   9.7951070e-82
   6.1375000e+01  -3.6687567e-82
   6.1500000e+01   1.1193308e-82
   6.1625000e+01  -2.7547535e-83
   6.1750000e+01   4.4886548e-84
   6.1875000e+01   3.3285073e-85
   6.2000000e+01  -6.9270520e-85
   6.2125000e+01   3.6054563e-85
   6.2250000e+01  -1.3541668e-85
   6.2375000e+01   4.1409898e-86
   6.2500000e+01  -1.0222082e-86
   6.2625000e+01   1.6795391e-87
   6.2750000e+01   1.1469880e-88
   6.2875000e+01  -2.5351216e-88
   6.3000000e+01   1.3271014e-88
   6.3125000e+01  -4.9981728e-89
   6.3250000e+01   1.5319106e-89
   6.3375000e+01  -3.7929960e-90
   6.3500000e+01   6.2830929e-91
   6.3625000e+01   3.9310662e-92
   6.3750000e+01  -9.2772170e-92
   6.3875000e+01   4.8844946e-92
   6.4000000e+01  -1.8447886e-92
   6.4125000e+01   5.6669199e-93
   6.4250000e+01  -1.4073668e-93
   6.4375000e+01   2.3499019e-94
   6.4500000e+01   1.3392626e-95
   6.4625000e+01  -3.3944273e-95
   6.4750000e+01   1.7977419e-95
   6.4875000e+01  -6.8086703e-96
   6.5000000e+01   2.0963131e-96
   6.5125000e+01  -5.2215734e-97
   6.5250000e+01   8.7874860e-98
   6.5375000e+01   4.5325183e-99
   6.5500000e+01  -1.2418291e-98
   6.5625000e+01   6.6161683e-99
   6.5750000e+01  -2.5128553e-99
   6.5875000e+01  7.7544162e-100
   6.6000000e+01 -1.9372477e-100
   6.6125000e+01  3.2853067e-101
   6.6250000e+01  1.5206834e-102
   6.6375000e+01 -4.5428066e-102
   6.6500000e+01  2.4348204e-102
   6.6625000e+01 -9.2739977e-103
   6.6750000e+01  2.8683101e-103
   6.6875000e+01 -7.1869718e-104
   6.7000000e+01  1.2280877e-104
   6.7125000e+01  5.0529952e-106
   6.7250000e+01 -1.6615473e-105
   6.7375000e+01  8.9602314e-106
   6.7500000e+01 -3.4225257e-106
   6.7625000e+01  1.0609596e-106
   6.7750000e+01 -2.6661166e-107
   6.7875000e+01  4.5898997e-108
   6.8000000e+01  1.6575231e-109
   6.8125000e+01 -6.0766724e-109
   6.8250000e+01  3.2971760e-109
   6.8375000e+01 -1.2630549e-109
   6.8500000e+01  3.9242082e-110
   6.8625000e+01 -9.8901443e-111
   6.8750000e+01  1.7150705e-111
   6.8875000e+01  5.3517859e-113
   6.9000000e+01 -2.2219888e-112
   6.9125000e+01  1.2132388e-112
   6.9250000e+01 -4.6610055e-113
   6.9375000e+01  1.4514456e-113
   6.9500000e+01 -3.6685678e-114
   6.9625000e+01  6.4077856e-115
   6.9750000e+01  1.6937178e-116
   6.9875000e+01 -8.1238289e-116
   7.0000000e+01  4.4641808e-116
   7.0125000e+01 -1.7199775e-116
   7.0250000e+01  5.3682593e-117
   7.0375000e+01 -1.3607578e-117
   7.0500000e+01  2.3935443e-118
   7.0625000e+01  5.2077383e-120
   7.0750000e+01 -2.9698984e-119
   7.0875000e+01  1.6425071e-119
   7.1000000e+01 -6.3469047e-120
   7.1125000e+01  1.9854113e-120
   7.1250000e+01 -5.0471106e-121
   7.1375000e+01  8.9397020e-122
   7.1500000e+01  1.5369442e-123
   7.1625000e+01 -1.0855305e-122
   7.1750000e+01  6.0431607e-123
   7.1875000e+01 -2.3419692e-123
   7.2000000e+01  7.3428289e-124
   7.2125000e+01 -1.8718838e-124
   7.2250000e+01  3.3383951e-125
   7.2375000e+01  4.2570172e-127
   7.2500000e+01 -3.9671641e-126
   7.2625000e+01  2.2232653e-126
   7.2750000e+01 -8.6416385e-127
   7.2875000e+01  2.7155446e-127
   7.3000000e+01 -6.9423367e-128
   7.3125000e+01  1.2464237e-128
   7.3250000e+01  1.0466362e-130
   7.3375000e+01 -1.4496993e-129
   7.3500000e+01  8.1789455e-130
   7.3625000e+01 -3.1885419e-130
   7.3750000e+01  1.0042497e-130
   7.3875000e+01 -2.5746064e-131
   7.4000000e+01  4.6531573e-132
   7.4125000e+01  1.9351877e-134
   7.4250000e+01 -5.2965436e-133
   7.4375000e+01  3.0089423e-133
   7.4500000e+01 -1.1769604e-133
   7.4625000e+01  3.7298417e-134
   7.4750000e+01 -9.9564326e-135
   7.4875000e+01  2.4517353e-135
   7.5000000e+01   0.0000000e+00
   7.5125000e+01 -3.1611920e-134
   7.5250000e+01 -9.1944057e-134
   7.5375000e+01 -1.8055644e-133
   7.5500000e+01 -2.9700911e-133
   7.5625000e+01 -4.4086208e-133
   7.5750000e+01 -6.1167540e-133
   7.5875000e+01 -8.0900909e-133
   7.6000000e+01 -1.0324232e-132
   7.6125000e+01 -1.2814777e-132
   7.6250000e+01 -1.5557327e-132
   7.6375000e+01 -1.8547482e-132
   7.6500000e+01 -2.1780843e-132
   7.6625000e+01 -2.5253008e-132
   7.6750000e+01 -2.8959580e-132
   7.6875000e+01 -3.2896159e-132
   7.7000000e+01 -3.7058343e-132
   7.7125000e+01 -4.1441735e-132
   7.7250000e+01 -4.6041934e-132
   7.7375000e+01 -5.0854540e-132
   7.7500000e+01 -5.5875154e-132
   7.7625000e+01 -6.1099376e-132
   7.7750000e+01 -6.6522807e-132
   7.7875000e+01 -7.2141046e-132
   7.8000000e+01 -7.7949695e-132
   7.8125000e+01 -8.3944353e-132
   7.8250000e+01 -9.0120621e-132
   7.8375000e+01 -9.6474098e-132
   7.8500000e+01 -1.0300039e-131
   7.8625000e+01 -1.0969509e-131
   7.8750000e+01 -1.1655379e-131
   7.8875000e+01 -1.2357212e-131
   7.9000000e+01 -1.3074565e-131
   7.9125000e+01 -1.3806999e-131
   7.9250000e+01 -1.4554075e-131
   7.9375000e+01 -1.5315352e-131
   7.9500000e+01 -1.6090390e-131
   7.9625000e+01 -1.6878750e-131
   7.9750000e+01 -1.7679991e-131
   7.9875000e+01 -1.8493673e-131
   8.0000000e+01 -1.9319356e-131
   8.0125000e+01 -2.0156602e-131
   8.0250000e+01 -2.1004968e-131
   8.0375000e+01 -2.1864016e-131
   8.0500000e+01 -2.2733306e-131
   8.0625000e+01 -2.3612397e-131
   8.0750000e+01 -2.4500850e-131
   8.0875000e+01 -2.5398224e-131
   8.1000000e+01 -2.6304080e-131
   8.1125000e+01 -2.7217978e-131
   8.1250000e+01 -2.8139478e-131
   8.1375000e+01 -2.9068139e-131
   8.1500000e+01 -3.0003522e-131
   8.1625000e+01 -3.0945187e-131
   8.1750000e+01 -3.1892694e-131
   8.1875000e+01 -3.2845602e-131
   8.2000000e+01 -3.3803473e-131
   8.2125000e+01 -3.4765865e-131
   8.2250000e+01 -3.5732340e-131
   8.2375000e+01 -3.6702456e-131
   8.2500000e+01 -3.7675775e-131
   8.2625000e+01 -3.8651855e-131
   8.2750000e+01 -3.9630258e-131
   8.2875000e+01 -4.0610543e-131
   8.3000000e+01 -4.1592270e-131
   8.3125000e+01 -4.2574999e-131
   8.3250000e+01 -4.3558290e-131
   8.3375000e+01 -4.4541704e-131
   8.3500000e+01 -4.5524800e-131
   8.3625000e+01 -4.6507138e-131
   8.3750000e+01 -4.7488279e-131
   8.3875000e+01 -4.8467782e-131
   8.4000000e+01 -4.9445207e-131
   8.4125000e+01 -5.0420115e-131
   8.4250000e+01 -5.1392066e-131
   8.4375000e+01 -5.2360619e-131
   8.4500000e+01 -5.3325334e-131
   8.4625000e+01 -5.4285772e-131
   8.4750000e+01 -5.5241493e-131
   8.4875000e+01 -5.6192056e-131
   8.5000000e+01 -5.7137022e-131
   8.5125000e+01 -5.8075950e-131
   8.5250000e+01 -5.9008402e-131
   8.5375000e+01 -5.9933936e-131
   8.5500000e+01 -6.0852113e-131
   8.5625000e+01 -6.1762493e-131
   8.5750000e+01 -6.2664635e-131
   8.5875000e+01 -6.3558101e-131
   8.6000000e+01 -6.4442449e-131
   8.6125000e+01 -6.5317240e-131
   8.6250000e+01 -6.6182035e-131
   8.6375000e+01 -6.7036392e-131
   8.6500000e+01 -6.7879873e-131
   8.6625000e+01 -6.8712036e-131
   8.6750000e+01 -6.9532443e-131
   8.6875000e+01 -7.0340652e-131
   8.7000000e+01 -7.1136225e-131
   8.7125000e+01 -7.1918721e-131
   8.7250000e+01 -7.2687701e-131
   8.7375000e+01 -7.3442723e-131
   8.7500000e+01 -7.4183349e-131
   8.7625000e+01 -7.4909139e-131
   8.7750000e+01 -7.5619651e-131
   8.7875000e+01 -7.6314447e-131
   8.8000000e+01 -7.6993087e-131
   8.8125000e+01 -7.7655130e-131
   8.8250000e+01 -7.8300136e-131
   8.8375000e+01 -7.8927666e-131
   8.8500000e+01 -7.9537279e-131
   8.8625000e+01 -8.0128536e-131
   8.8750000e+01 -8.0700997e-131
   8.8875000e+01 -8.1254221e-131
   8.9000000e+01 -8.1787769e-131
   8.9125000e+01 -8.2301201e-131
   8.9250000e+01 -8.2794076e-131
   8.9375000e+01 -8.3265955e-131
   8.9500000e+01 -8.3716398e-131
   8.9625000e+01 -8.4144965e-131
   8.9750000e+01 -8.4551216e-131
   8.9875000e+01 -8.4934711e-131
   9.0000000e+01 -8.5295009e-131
   9.0125000e+01 -8.5631671e-131
   9.0250000e+01 -8.5944258e-131
   9.0375000e+01 -8.6232328e-131
   9.0500000e+01 -8.6495443e-131
   9.0625000e+01 -8.6733162e-131
   9.0750000e+01 -8.6945044e-131
   9.0875000e+01 -8.7130651e-131
   9.1000000e+01 -8.7289542e-131
   9.1125000e+01 -8.7421277e-131
   9.1250000e+01 -8.7525417e-131
   9.1375000e+01 -8.7601521e-131
   9.1500000e+01 -8.7649149e-131
   9.1625000e+01 -8.7667861e-131
   9.1750000e+01 -8.7657218e-131
   9.1875000e+01 -8.7616779e-131
   9.2000000e+01 -8.7546105e-131
   9.2125000e+01 -8.7444755e-131
   9.2250000e+01 -8.7312290e-131
   9.2375000e+01 -8.7148269e-131
   9.2500000e+01 -8.6952252e-131
   9.2625000e+01 -8.6723801e-131
   9.2750000e+01 -8.6462473e-131
   9.2875000e+01 -8.6167831e-131
   9.3000000e+01 -8.5839433e-131
   9.3125000e+01 -8.5476840e-131
   9.3250000e+01 -8.5079612e-131
   9.3375000e+01 -8.4647308e-131
   9.3500000e+01 -8.4179489e-131
   9.3625000e+01 -8.3675715e-131
   9.3750000e+01 -8.3135546e-131
   9.3875000e+01 -8.2558542e-131
   9.4000000e+01 -8.1944263e-131
   9.4125000e+01 -8.1292269e-131
   9.4250000e+01 -8.0602120e-131
   9.4375000e+01 -7.9873375e-131
   9.4500000e+01 -7.9105596e-131
   9.4625000e+01 -7.8298342e-131
   9.4750000e+01 -7.7451173e-131
   9.4875000e+01 -7.6563649e-131
   9.5000000e+01 -7.5635331e-131
   9.5125000e+01 -7.4665777e-131
   9.5250000e+01 -7.3654549e-131
   9.5375000e+01 -7.2601206e-131
   9.5500000e+01 -7.1505309e-131
   9.5625000e+01 -7.0366417e-131
   9.5750000e+01 -6.9184090e-131
   9.5875000e+01 -6.7957888e-131
   9.6000000e+01 -6.6687372e-131
   9.6125000e+01 -6.5372102e-131
   9.6250000e+01 -6.4011637e-131
   9.6375000e+01 -6.2605537e-131
   9.6500000e+01 -6.1153363e-131
   9.6625000e+01 -5.9654675e-131
   9.6750000e+01 -5.8109032e-131
   9.6875000e+01 -5.6515995e-131
   9.7000000e+01 -5.4875124e-131
   9.7125000e+01 -5.3185978e-131
   9.7250000e+01 -5.1448119e-131
   9.7375000e+01 -4.9661104e-131
   9.7500000e+01 -4.7824496e-131
   9.7625000e+01 -4.5937854e-131
   9.7750000e+01 -4.4000737e-131
   9.7875000e+01 -4.2012707e-131
   9.8000000e+01 -3.9973322e-131
   9.8125000e+01 -3.7882143e-131
   9.8250000e+01 -3.5738730e-131
   9.8375000e+01 -3.3542644e-131
   9.8500000e+01 -3.1293443e-131
   9.8625000e+01 -2.8990688e-131
   9.8750000e+01 -2.6633940e-131
   9.8875000e+01 -2.4222758e-131
   9.9000000e+01 -2.1756702e-131
   9.9125000e+01 -1.9235332e-131
   9.9250000e+01 -1.6658208e-131
   9.9375000e+01 -1.4024891e-131
   9.9500000e+01 -1.1334940e-131
   9.9625000e+01 -8.5879155e-132
   9.9750000e+01 -5.7833772e-132
   9.9875000e+01 -2.9208854e-132
   1.0000000e+02 -1.7107644e-146
