3.394659018903697367e-01
1.177503709191309866e-01
6.063521773968009176e-01
4.072292804253414555e-01
8.184176571595248584e-01
8.975762470375496793e-01
1.339699198750375908e-01
8.423896897167063580e-01
8.409026909105413727e-01
9.091737863790754215e-01
5.755147650464870202e-01
2.771368506844941182e-01
4.096892437722576830e-02
9.384331485112082927e-01
9.725174186360127093e-01
4.490198525998464474e-01
9.767875746227103750e-01
5.614169888983814305e-01
3.960431489194271570e-01
4.703461202753788095e-01
2.650052791719521572e-01
3.273188711131298501e-01
9.659324728182302477e-01
9.745286004644064803e-01
4.627437384296350098e-01
8.774602118020371488e-01
4.382326789669435119e-01
3.530678703157005272e-01
9.840151688586173950e-02
1.915407253671820298e-01
9.140650328472993413e-01
2.967244254209566723e-02
3.133076323393256812e-01
8.937920917401553922e-02
6.478986570154340319e-01
3.376125050488285595e-01
5.110365386791647646e-01
8.795008422449079877e-02
4.961849107361951949e-01
1.307756146487715210e-02
4.177994049071457328e-01
7.499436271373335350e-01
2.021908162330507963e-01
7.988206019108110567e-01
5.411604855149714233e-01
8.521814006474127678e-01
2.793369083598629121e-01
4.429100354971924336e-01
1.097122969855585106e-01
7.254683556070392614e-01
6.331848173896353904e-01
4.695851477324977097e-01
6.148136222198481438e-01
1.441112845654152208e-01
3.264540757805929339e-01
7.854104863925167601e-01
3.799284732281004162e-01
6.581911974921949016e-01
7.633612513412252332e-01
5.498275037595893311e-01
7.803264941839970215e-01
1.272960904389768277e-01
7.048373426213803139e-01
1.966843092066223875e-01
1.628983413075494324e-01
1.694534209054666674e-01
9.902694009169211720e-01
9.604650003414916259e-01
2.257306405719010645e-01
9.079641064419216034e-01
6.280185952248379389e-01
5.800584474418278846e-01
5.427799633035809146e-01
4.314790368358014661e-01
4.132654404590796471e-01
3.530751192316301523e-01
1.580780288726515437e-01
2.066742398731616914e-01
2.159763819051458977e-01
5.407322412840985804e-01
4.832379194359978092e-01
9.880695259095392258e-01
8.464018275859190865e-01
5.575748942464849867e-01
6.799885145998331160e-01
1.819944007966485255e-01
6.861986119484525526e-01
1.222954258341032441e-01
4.045419604211294429e-01
9.867141213855825654e-01
7.319319871513688680e-01
3.065231277225872741e-01
8.196230135439750430e-01
3.737313393509156256e-02
2.981678968493967075e-01
4.480777474228447854e-01
1.130481717696656396e-01
8.162855887844951974e-01
1.339705271245903440e-01
9.258677316034503724e-01
1.386751673006978436e-01
3.819268078478731399e-01
5.334965473254408286e-01
4.562242169226339294e-01
1.177489855510229777e-01
5.933755593508330817e-01
2.162578420525862466e-01
8.379911092847379672e-01
9.172857198207520213e-01
2.161809528295632887e-01
9.119163164570783797e-01
6.653480856592139947e-01
7.886344364343590430e-01
8.076276712162137050e-01
2.698043460411224670e-01
2.570909665325060711e-01
2.951509371122069680e-01
4.854988579100424362e-01
1.085599331999814732e-01
4.000453626763723625e-01
5.594515068604720698e-01
8.990961571431654864e-02
4.199964437777725657e-02
3.453486041271370821e-01
3.505136065056897454e-01
3.194604626241247525e-01
3.342371971161869348e-01
8.755528981519588028e-01
9.018769143933471621e-01
9.405228728081249656e-03
9.071692684149379460e-02
3.113755987197701636e-01
6.684991405741411707e-01
1.059388524708553270e-01
2.412374638983688646e-01
6.542049874335995607e-01
9.811414876110557959e-02
4.859144585821428830e-02
2.943462299502033197e-01
3.308564523769585985e-02
7.246995014383306177e-01
1.314437892557489551e-01
6.730746220480127162e-01
3.643537039141062639e-01
7.703721079726935095e-01
8.087864265331194957e-01
3.865929656194387887e-01
7.893720271296585933e-01
9.718565777974895736e-01
3.621025268759504590e-01
8.119612453664952767e-01
3.965324332421997777e-01
3.399141070631557238e-01
1.658917162365931564e-01
2.779828076208691323e-01
1.767182963617505154e-01
5.755696972911718001e-01
1.191004682365958134e-01
9.577085987202165196e-01
5.371840747714806685e-02
1.864871950536303169e-01
7.416575164177030555e-02
8.249793468639122773e-01
4.060318758402438055e-01
2.288729600833794287e-01
8.216979995018411920e-01
7.799748576113590959e-01
3.844351169102884214e-01
5.318034455236425595e-01
4.408864459804139324e-01
3.642626585538472073e-01
2.083789640739693860e-01
8.777485936259262767e-01
5.563204490861407558e-01
9.198834534882295300e-01
8.871966324533476778e-01
4.877380706479923500e-01
6.379870326714323081e-01
7.963178310221323830e-01
8.627681539003186906e-01
6.832782115207269857e-02
2.807664437587165107e-02
5.542571338816308923e-01
3.859985620280107499e-01
1.529367852203801226e-01
5.018090553403520282e-01
8.393694541851068891e-01
8.368399444903934503e-01
3.800072713029711835e-02
9.083103692447581645e-01
7.209561172895901926e-01
7.112248188206140576e-01
8.161863768921133744e-01
8.572814145716364242e-01
2.902901780966746781e-01
8.713971864745656548e-01
1.188801204462960337e-01
8.885427875463951519e-01
7.874031570672346270e-02
4.882649134937174784e-01
5.589579322117551596e-01
7.632950972515041288e-01
2.241284310435485150e-01
6.013622096114196180e-01
7.611049039428420260e-01
1.861165126344733745e-01
6.790827233845289079e-01
7.350755894710753191e-01
4.631277579146330092e-01
3.944298585651665467e-01
2.726386098997339857e-01
4.246996722892537601e-01
1.702989903351601608e-01
4.372766621135865117e-01
7.674291330887944573e-01
4.301790376609820887e-01
6.548443713734974914e-03
9.341348676015828190e-01
7.524659460949212342e-01
6.790061736181106644e-01
5.851822638923527276e-01
7.888603390709374441e-01
2.186683974937593256e-01
1.971431867824098294e-01
3.692713266426816965e-01
9.144112624929977562e-01
1.864318573281078528e-01
9.063766891434238415e-01
1.920268046480142488e-01
2.082206690142374139e-02
5.298969458093654161e-01
5.969976051992342825e-03
8.900274162263537292e-01
5.603066021520011208e-01
4.414978420311839180e-01
6.389917657259572836e-01
1.701110448802286568e-01
4.471502657401760228e-02
2.631058011474969316e-01
8.815731107343596218e-01
5.979301307284857758e-01
1.820703618986971861e-01
2.841231816162391732e-01
5.339997447694134758e-01
2.851179081634059864e-01
4.608763382066360936e-02
4.784817480442690174e-01
4.438139110077252703e-01
7.420459361925391129e-01
2.785118088032957351e-01
1.131608912869186412e-02
2.647398906035004496e-01
3.426402903033977099e-01
4.059264016680127485e-01
7.427859021003407891e-01
3.471147823791517206e-01
7.738629667793871514e-01
7.194229589532948888e-01
9.944048415195497759e-01
7.438275877588954588e-01
1.526575672872715339e-01
9.147602730530024484e-02
9.812735863215670262e-01
3.182499341878184396e-01
2.788580789089989409e-02
4.386793262277642880e-01
5.453726676388627181e-01
9.870324373923827777e-01
4.150793610383241017e-02
4.964610709452723647e-01
6.134649661787737740e-01
7.229226351543549534e-01
1.105810115103104119e-01
9.342951545843206640e-01
6.654567345083292063e-01
1.108554644212851326e-01
2.336722674448927783e-01
6.448545196230467402e-01
6.514392261768575665e-01
2.962970696360449629e-01
4.449600224674336024e-01
2.675219957470775789e-02
1.641803111347875932e-01
4.472454203173047427e-01
9.981246088765463043e-01
6.399883541236768281e-01
2.548834670391598722e-01
2.174877858418746701e-01
5.590808928442738690e-01
5.641785740538703964e-01
4.012575791429722205e-01
7.979557553417052640e-01
9.426007526359370114e-02
6.017594041522917880e-01
8.752132721408918403e-01
9.076700312200765008e-01
5.592534261139414653e-01
1.460996211700663627e-01
7.269733464786350963e-01
7.366052178890005742e-01
1.057004247470275660e-01
8.288484018950526000e-02
9.133874516080728867e-01
3.008035752093612958e-01
6.924196216726077324e-01
3.475292215402749907e-01
5.369537396139099084e-01
7.070757958179407776e-02
7.444025999723064002e-01
6.512608884094756023e-01
9.786122668103145461e-01
2.242380328122577371e-01
4.775407105544861031e-01
4.783050909205164292e-01
8.188794107103469777e-02
8.093598426846452254e-01
1.196334662456965958e-02
9.430591795168959957e-01
5.770969417809598268e-01
2.309941856535054905e-01
5.892350089118267853e-01
3.779067049934738964e-01
6.668710608288567210e-01
7.235131828849525881e-01
3.997850370382155516e-01
7.817253168030902089e-01
6.704677002078818226e-01
9.068944785384768226e-01
5.717557174162879452e-01
4.388677803970887359e-01
6.995085960509828116e-02
6.415664641120577549e-02
7.416190183386691670e-01
8.854973372716246072e-02
7.467721928067283521e-02
4.524549064017835409e-01
4.577904223035655917e-02
9.655665376503199671e-01
1.561955434030971590e-01
5.681863386984251640e-01
8.455993631256207843e-01
1.871749487400153900e-02
1.619343842288286650e-01
8.372309129988140253e-01
7.127154666224619906e-01
9.627228490256271032e-01
7.686775468795928878e-01
5.309301828404481283e-01
3.912686906225025796e-01
5.344915770500131558e-01
1.190978615191784495e-01
1.591045394253939316e-01
5.282687623510617936e-02
1.722000595257788813e-01
7.228242621927392086e-01
5.306480154939431371e-01
4.193000036742693393e-01
8.909369695830782199e-01
3.618569972095750931e-01
4.873227027423359115e-01
4.469041035870591205e-01
4.075723745435744227e-01
4.882400473282637599e-01
2.095365768149211050e-01
3.796378262687065686e-01
1.205199477985341439e-01
6.858981240610784180e-01
9.266345515399772026e-01
7.314756241548396876e-01
3.520309530201759518e-02
3.205350617855736717e-01
9.568871958999271010e-01
8.181014437357799762e-01
9.906822962505158481e-01
5.050692916518654263e-01
9.612910469205120378e-01
3.591316450709552965e-01
1.987091845030929393e-01
6.492793158408236565e-01
1.176800232955793613e-01
8.894772769672779633e-01
6.144141636934830064e-01
8.088839465196591139e-01
9.860873785162237448e-01
9.201679830452773601e-01
9.280189736367960851e-01
9.269068649591846176e-01
2.366619735333967967e-01
6.719122100892974681e-01
8.141290027935538243e-01
8.244553061514214853e-01
6.834700331386499572e-01
1.615831326374860266e-01
5.328641791738636391e-01
3.326176665795044229e-01
9.010234925529180261e-01
1.460824071277774250e-01
5.560636993266228068e-01
3.571126093646570521e-02
4.106645307055030170e-01
9.370361346114922663e-01
2.759203924269346686e-01
5.682088868712125151e-01
6.826600042400801094e-01
1.840802221719569642e-01
7.137114506308327444e-01
3.565141453939522087e-01
1.016510103134736775e-01
8.661677962251650431e-01
5.894583633872659822e-01
5.778495027234801240e-01
9.597995216006079966e-01
7.293797030924666913e-01
2.185371385561897251e-01
5.833851182181972739e-01
4.199110491972795067e-01
8.414674697470597708e-01
3.054828226762006382e-01
7.917855303119052390e-01
2.284255274588148366e-01
3.989225330187282648e-01
5.638981362769662775e-01
3.157704862470726015e-01
9.752759549472305167e-01
1.491766035577213323e-02
9.345090023664378576e-01
4.511216031692778516e-01
5.369758715127818105e-01
9.936760918119259545e-01
5.965829299567748656e-01
1.575841449073579481e-01
5.689653824789459025e-01
7.187188994825650656e-01
1.302097837408013881e-01
6.221329443476623089e-01
5.740494193739473783e-01
7.458434991671600844e-01
7.813118832086961563e-01
6.593660837993853274e-02
4.436886639162708201e-01
8.178977857667835138e-02
3.545604629030320032e-01
8.466777239458794790e-01
9.446366862314506951e-01
5.415996235502374967e-01
2.405382156371976832e-01
3.488660731272384963e-01
8.861570164917654813e-01
2.200189810606609786e-01
3.471134175550527612e-01
1.764938751151481355e-01
4.361770905826953815e-01
5.721470991435886333e-01
6.532341149401116320e-01
7.566374993972413421e-02
5.654924531250060671e-01
3.836677212957351202e-01
2.736057267534597326e-02
2.848366761416731840e-01
8.183574205505083077e-01
9.801691795004270347e-01
8.469648142228441978e-01
9.146268940318682539e-01
4.894684145662289154e-01
8.132792810118660842e-02
7.406973093214737069e-01
6.700329905318997969e-01
3.664350105951859060e-01
3.170775693089818992e-01
3.777479665091871830e-01
8.674088737845375707e-02
4.723343498790641970e-01
5.428359885778196725e-01
5.371536904109108779e-02
7.656406706713326793e-01
8.609482984841811959e-01
3.496703777560188353e-01
9.279074762368193507e-01
2.494846629994592613e-01
4.263342291979406173e-01
3.397800736333485006e-01
4.486950976985258910e-01
8.692628991599038457e-02
1.160619924450130291e-01
9.868632541104479516e-01
2.786761126033330260e-01
6.503949017887105111e-01
4.112742080274369716e-01
3.327167449389759613e-01
9.225229186393731906e-01
2.675263562938962059e-01
1.801016946287754550e-01
8.895164645873058218e-01
6.698376458914662157e-01
6.048377497179634465e-01
2.304584442340595896e-02
1.389920133670189406e-01
1.738875985496601828e-01
4.797912977023097714e-01
4.785947889416641843e-01
8.273524952833227752e-01
2.537176194115533523e-01
1.368489234995595716e-01
2.721538805711961606e-01
8.871698742073996780e-02
6.769223571125276839e-01
7.165130818497735810e-01
2.921868167842142094e-01
7.029754138580367462e-01
3.847935587514906830e-01
4.824959999437382629e-01
9.669126110395305229e-01
7.199301834117264320e-01
6.861205445897233801e-02
8.646238372401102712e-01
2.344837595892068638e-02
8.811878913421614667e-01
1.008619238122931971e-02
6.881438820781801136e-01
2.308950154054077997e-01
6.570797240309240728e-01
1.652469306073441890e-01
5.517519602062167516e-01
6.393349061858700777e-01
4.663375905346380801e-01
4.542862669480952631e-01
3.123907627214517202e-01
9.331000895746510704e-01
5.352613256408669251e-01
7.605947500685482643e-01
5.929191065402592553e-01
8.299046742287239375e-01
3.158767812971673417e-01
7.716084477740356995e-01
7.955977892135189800e-01
1.267116038943049139e-01
5.077071978287666099e-01
5.859019963023073263e-01
7.101784529049519623e-01
3.057891244694156407e-01
4.092017691567968463e-01
8.491243800574345135e-01
9.987680682898282258e-01
8.712008431589544077e-01
5.245464092373475218e-03
3.412118560743135909e-01
6.872976337098096744e-01
9.522291869588527247e-01
5.144180651334098187e-01
3.064810536022000154e-02
9.859900484216741479e-01
1.993786628579684583e-01
2.181231315733559439e-01
8.771352757404741185e-01
8.829633387102989728e-01
9.667920235797964335e-01
4.462194471953568886e-01
7.166106333805558615e-01
5.149076458408944346e-01
1.207734077802828931e-01
9.332024637003560885e-01
3.180483856534503939e-01
9.166965514710467833e-01
5.372695964914078193e-01
5.098504368532297271e-02
9.732635342434868830e-01
8.372592799464684266e-02
7.730844778795825656e-01
9.411872014414996990e-01
4.226278929560344233e-01
8.286597734070406673e-01
8.520049862002168073e-01
2.936573564832626326e-01
3.164691812945377158e-01
7.246559375616579146e-01
9.449229842340812757e-01
1.285461542008533575e-01
2.352190454493580107e-01
7.019688629167274430e-01
7.943429472589790263e-01
4.873992816672189088e-01
3.628800343357933000e-01
8.619126845142239812e-01
7.971055518564583720e-01
6.362167490987125085e-01
2.074528052019882773e-01
9.868567433406472134e-01
3.442838374235431820e-01
8.044252705894077149e-01
5.242205281413315765e-01
8.961132392408693859e-01
1.382957271157885248e-01
8.223716108961609539e-02
1.638812344130907706e-01
1.793128073028754654e-01
3.825821493996089950e-01
5.992090870502216893e-01
1.095641078913958122e-01
4.623385518504035119e-01
2.373092106333721807e-01
3.418798969589971204e-01
7.132058914791442605e-01
5.869145067596772680e-01
6.915937335813286957e-01
1.613022978394559326e-01
7.822712158095379564e-02
7.747350128139727232e-01
4.461497539773722210e-01
7.078337676392343347e-01
4.554220762492352526e-01
7.058893366532281721e-02
3.035678101375582916e-01
2.599293616302144061e-01
4.280377393120171625e-02
2.209445837142176572e-02
4.040961639263794813e-01
4.586186061153298965e-01
3.734022419988595187e-01
4.611842048527914351e-02
2.565750869108297527e-01
4.354916771004669895e-01
6.797381087623710627e-01
3.143479550747524387e-01
8.656825092461389870e-01
4.406616930789434283e-01
2.286403276798264494e-01
7.739478604646781168e-01
1.124807833942438329e-01
4.413351977933585024e-01
6.989565488488374001e-01
7.528301312481412433e-01
2.938760857699519446e-01
3.985566096036879946e-01
4.195543088179664037e-01
1.802928266198189355e-02
4.479930471670268144e-01
1.928679679084719378e-01
1.666747557609847830e-01
1.190286739579273778e-01
6.148121668379623594e-01
